level	page_num	block_num	par_num	line_num	word_num	left	top	width	height	conf	text
1	1	0	0	0	0	0	0	2550	3300	-1	
2	1	1	0	0	0	426	444	333	208	-1	
3	1	1	1	0	0	426	444	333	208	-1	
4	1	1	1	1	0	426	444	190	23	-1	
5	1	1	1	1	1	426	444	190	23	96	MICHELIN
4	1	1	1	2	0	427	491	308	24	-1	
5	1	1	1	2	1	427	491	188	24	95	CAMPBELL
5	1	1	1	2	2	642	491	93	23	96	ROAD
4	1	1	1	3	0	428	536	307	24	-1	
5	1	1	1	3	1	428	536	187	24	94	CAMPBELL
5	1	1	1	3	2	642	536	93	23	96	ROAD
4	1	1	1	4	0	428	582	331	24	-1	
5	1	1	1	4	1	428	582	115	24	96	STOKE
5	1	1	1	4	2	571	582	46	24	95	ON
5	1	1	1	4	3	643	582	116	23	95	TRENT
4	1	1	1	5	0	429	629	163	23	-1	
5	1	1	1	5	1	429	629	64	23	90	ST4
5	1	1	1	5	2	524	629	68	22	67	4EY
2	1	2	0	0	0	255	860	229	30	-1	
3	1	2	1	0	0	255	860	229	30	-1	
4	1	2	1	1	0	255	860	229	30	-1	
5	1	2	1	1	1	255	863	94	23	96	Dear
5	1	2	1	1	2	377	860	107	30	95	Sirs,
2	1	3	0	0	0	1401	209	715	213	-1	
3	1	3	1	0	0	1402	209	261	26	-1	
4	1	3	1	1	0	1402	209	261	26	-1	
5	1	3	1	1	1	1402	212	68	23	90	BOC
5	1	3	1	1	2	1498	209	165	26	95	Limited
3	1	3	2	0	0	1401	255	715	167	-1	
4	1	3	2	1	0	1404	255	591	33	-1	
5	1	3	2	1	1	1404	258	43	24	96	PO
5	1	3	2	1	2	1474	259	69	22	95	Box
5	1	3	2	1	3	1571	258	65	23	91	278
5	1	3	2	1	4	1695	276	7	9	91	,
5	1	3	2	1	5	1738	255	188	33	96	Building
5	1	3	2	1	6	1955	257	40	23	96	12
4	1	3	2	2	0	1401	301	715	34	-1	
5	1	3	2	2	1	1401	305	165	30	95	Vantage
5	1	3	2	2	2	1596	302	113	26	96	Point
5	1	3	2	2	3	1738	302	186	26	95	Business
5	1	3	2	2	4	1952	301	164	34	96	Village
4	1	3	2	3	0	1401	351	502	28	-1	
5	1	3	2	3	1	1401	351	277	28	90	MITCHELDEAN,
5	1	3	2	3	2	1714	351	90	24	87	GL17
5	1	3	2	3	3	1836	351	67	23	76	1BX
4	1	3	2	4	0	1404	399	232	23	-1	
5	1	3	2	4	1	1404	399	232	23	94	26.05.2017
2	1	4	0	0	0	256	905	1522	34	-1	
3	1	4	1	0	0	256	905	1522	34	-1	
4	1	4	1	1	0	256	905	1522	34	-1	
5	1	4	1	1	1	256	907	68	25	96	The
5	1	4	1	1	2	354	906	210	32	96	following
5	1	4	1	1	3	594	906	184	26	96	invoices
5	1	4	1	1	4	806	906	91	25	96	will
5	1	4	1	1	5	926	907	44	24	96	be
5	1	4	1	1	6	997	906	95	33	96	paid
5	1	4	1	1	7	1118	905	138	26	96	direct
5	1	4	1	1	8	1287	909	43	22	96	to
5	1	4	1	1	9	1357	912	93	26	96	your
5	1	4	1	1	10	1476	906	94	24	96	bank
5	1	4	1	1	11	1597	907	181	23	96	account.
2	1	5	0	0	0	254	952	902	33	-1	
3	1	5	1	0	0	254	952	902	33	-1	
4	1	5	1	1	0	254	952	902	33	-1	
5	1	5	1	1	1	254	955	93	23	92	Acct
5	1	5	1	1	2	375	955	62	23	95	No.
5	1	5	1	1	3	474	954	184	24	96	05200105
5	1	5	1	1	4	735	952	93	25	96	Bank
5	1	5	1	1	5	856	954	68	31	96	Key
5	1	5	1	1	6	953	953	203	24	96	55-61-01.
2	1	6	0	0	0	259	994	1981	37	-1	
3	1	6	1	0	0	259	994	1981	37	-1	
4	1	6	1	1	0	259	994	1981	37	-1	
5	1	6	1	1	1	259	1000	40	24	95	If
5	1	6	1	1	2	328	1006	70	25	96	you
5	1	6	1	1	3	424	999	92	25	95	have
5	1	6	1	1	4	545	1005	69	26	96	any
5	1	6	1	1	5	640	998	162	33	96	queries
5	1	6	1	1	6	830	999	140	32	96	please
5	1	6	1	1	7	1000	998	210	32	90	telephone
5	1	6	1	1	8	1241	999	302	24	90	0161-930-6633
5	1	6	1	1	9	1573	1003	45	18	96	or
5	1	6	1	1	10	1647	997	68	24	93	fax
5	1	6	1	1	11	1744	997	303	24	91	0161-930-6371
5	1	6	1	1	12	2077	994	163	33	96	quoting
2	1	7	0	0	0	256	1045	613	33	-1	
3	1	7	1	0	0	256	1045	613	33	-1	
4	1	7	1	1	0	256	1045	613	33	-1	
5	1	7	1	1	1	256	1047	164	31	96	payment
5	1	7	1	1	2	448	1045	141	24	96	number
5	1	7	1	1	3	617	1046	252	23	94	4901051826.
2	1	8	0	0	0	261	1462	448	33	-1	
3	1	8	1	0	0	261	1462	448	33	-1	
4	1	8	1	1	0	261	1462	448	33	-1	
5	1	8	1	1	1	261	1462	185	33	93	21/04/17
5	1	8	1	1	2	474	1465	235	24	86	U113423668
2	1	9	0	0	0	254	1335	732	82	-1	
3	1	9	1	0	0	254	1335	732	82	-1	
4	1	9	1	1	0	254	1335	732	82	-1	
5	1	9	1	1	1	254	1335	732	82	95	 
2	1	10	0	0	0	1000	1325	1357	170	-1	
3	1	10	1	0	0	1000	1325	1357	170	-1	
4	1	10	1	1	0	1000	1325	1357	170	-1	
5	1	10	1	1	1	1000	1325	1357	170	95	 
2	1	11	0	0	0	260	1654	977	13	-1	
3	1	11	1	0	0	260	1654	977	13	-1	
4	1	11	1	1	0	260	1654	977	13	-1	
5	1	11	1	1	1	260	1654	977	13	95	 
2	1	12	0	0	0	243	1418	20	1641	-1	
3	1	12	1	0	0	243	1418	20	1641	-1	
4	1	12	1	1	0	243	1418	20	1641	-1	
5	1	12	1	1	1	243	1418	20	1641	95	 
2	1	13	0	0	0	262	1508	951	216	-1	
3	1	13	1	0	0	262	1508	951	216	-1	
4	1	13	1	1	0	262	1508	950	34	-1	
5	1	13	1	1	1	262	1508	185	34	93	21/04/17
5	1	13	1	1	2	475	1511	235	25	85	U113423669
5	1	13	1	1	3	1076	1509	136	24	95	196.74
4	1	13	1	2	0	262	1555	950	34	-1	
5	1	13	1	2	1	262	1555	185	34	92	21/04/17
5	1	13	1	2	2	475	1558	235	24	88	U113423670
5	1	13	1	2	3	1004	1555	208	29	92	41,159.27
4	1	13	1	3	0	262	1602	950	33	-1	
5	1	13	1	3	1	262	1603	185	32	93	21/04/17
5	1	13	1	3	2	475	1605	236	25	79	U113423671
5	1	13	1	3	3	1030	1602	182	29	95	1,988.53
4	1	13	1	4	0	262	1695	951	29	-1	
5	1	13	1	4	1	262	1700	69	24	96	GBP
5	1	13	1	4	2	430	1697	114	26	95	Total
5	1	13	1	4	3	1006	1695	207	29	93	77,083.26
2	1	14	0	0	0	1260	1414	19	1638	-1	
3	1	14	1	0	0	1260	1414	19	1638	-1	
4	1	14	1	1	0	1260	1414	19	1638	-1	
5	1	14	1	1	1	1260	1414	19	1638	95	 
2	1	15	0	0	0	1335	1412	19	1639	-1	
3	1	15	1	0	0	1335	1412	19	1639	-1	
4	1	15	1	1	0	1335	1412	19	1639	-1	
5	1	15	1	1	1	1335	1412	19	1639	95	 
2	1	16	0	0	0	2351	1408	21	1634	-1	
3	1	16	1	0	0	2351	1408	21	1634	-1	
4	1	16	1	1	0	2351	1408	21	1634	-1	
5	1	16	1	1	1	2351	1408	21	1634	95	 
2	1	17	0	0	0	258	3038	2111	20	-1	
3	1	17	1	0	0	258	3038	2111	20	-1	
4	1	17	1	1	0	258	3038	2111	20	-1	
5	1	17	1	1	1	258	3038	2111	20	95	 
2	1	18	0	0	0	2088	3165	236	38	-1	
3	1	18	1	0	0	2088	3165	236	38	-1	
4	1	18	1	1	0	2088	3165	236	38	-1	
5	1	18	1	1	1	2088	3175	70	28	95	Page
5	1	18	1	1	2	2187	3165	40	37	91	1/
5	1	18	1	1	3	2307	3172	17	23	85	1